8
4
5
5
3
3
3
3
3
3
3
3
3
3
3
3
3
3
3
3
3
3
3
3
6
14
10
7
4
4
4
4
4
4
4
4
30
12
2
2
2
2
2
2
2
2
2
2
2
2
2
2
2
2
2
2
2
2
2
2
2
2
2
2
2
2
2
2
2
2
2
2
2
2
2
2
2
2
2
2
2
2
2
2
2
2
2
2
2
2
2
2
2
2
2
2
2
2
2
2
2
2
2
2
2
2
2
2
2
2
2
2
2
2
2
2
2
2
2
2
2
2
2
2
2
2
2
2
2
2
2
2
2
2
2
2
2
2
13
5
5
5
5
5
5
5
9
29
10
10
6
6
6
6
6
11
3
3
3
3
3
3
3
3
3
3
3
3
3
3
3
3
3
3
3
3
3
3
3
3
3
3
3
3
3
3
3
3
3
3
3
3
3
3
3
3
3
3
3
3
3
3
3
12
7
7
7
49
107
21
30
67
14
14
8
8
8
8
8
22
23
15
45
1
1
1
1
1
1
1
1
1
1
1
1
1
1
1
1
1
1
1
1
1
1
1
1
1
1
1
1
1
1
1
1
1
1
1
1
1
1
1
1
1
1
1
1
1
1
1
1
1
1
1
1
1
1
1
1
1
1
1
1
1
1
1
1
1
1
1
1
1
1
1
1
1
1
1
1
1
1
1
1
1
1
1
1
1
1
1
1
1
1
1
1
1
1
1
1
1
1
1
1
1
1
1
1
1
1
1
1
1
1
1
1
1
1
1
1
1
1
1
1
1
1
1
1
1
1
1
1
1
1
1
1
1
1
1
1
1
1
1
1
1
1
1
1
1
1
1
1
1
1
1
1
1
1
1
1
1
1
1
1
1
1
1
1
1
1
1
1
1
1
1
1
1
1
1
1
1
1
1
1
1
1
1
1
1
1
1
1
1
1
1
1
1
1
1
1
1
1
1
1
1
1
1
1
1
1
1
1
1
1
1
1
1
1
1
1
1
1
1
1
1
1
1
1
1
1
1
1
1
1
1
1
1
1
1
1
1
1
1
1
1
1
1
1
1
1
1
1
1
1
1
1
1
1
1
1
1
1
1
1
1
1
1
1
1
1
1
1
1
1
1
1
1
1
1
1
1
1
1
1
1
1
1
1
1
1
1
1
1
1
1
1
1
1
1
1
1
4
4
4
4
4
4
4
4
4
4
4
4
4
4
4
4
4
4
4
4
4
4
4
4
4
4
4
4
4
4
4
4
4
4
4
9
9
9
9
9
9
9
16
17
17
17
17
38
10
10
10
68
28
29
19
19
19
19
11
11
5
5
5
5
5
5
5
5
5
5
5
5
5
5
5
5
5
5
5
5
5
5
5
5
5
5
5
5
5
5
5
5
5
58
20
20
12
12
12
12
12
12
21
34
34
13
13
13
13
13
13
6
6
6
6
6
6
6
6
6
6
6
6
6
6
6
6
6
6
6
6
6
6
6
6
6
6
6
6
6
6
6
6
6
6
6
6
6
6
24
37
14
14
14
25
25
39
26
15
15
15
15
15
15
7
7
7
7
7
7
7
7
7
7
7
7
7
7
7
7
7
7
7
7
7
7
7
7
7
7
7
7
7
7
7
7
7
60
16
28
28
28
28
28
62
62
17
17
64
2
2
2
2
2
2
2
2
2
2
2
2
2
2
2
2
2
2
2
2
2
2
2
2
2
2
2
2
2
2
2
2
2
2
2
2
2
2
2
2
2
2
2
2
2
2
2
2
2
2
2
2
2
2
2
2
2
2
2
2
2
2
2
2
2
2
2
2
2
2
2
2
2
2
2
2
2
2
2
2
2
2
2
2
2
2
2
2
2
2
2
2
2
2
2
2
2
2
2
2
2
2
2
2
2
2
2
2
2
2
2
2
2
2
2
2
2
2
2
2
2
2
2
2
2
2
2
2
2
30
8
8
8
8
8
8
8
8
8
8
8
8
8
8
8
8
8
8
8
8
8
8
8
8
8
8
8
8
31
31
31
18
18
18
49
19
19
19
95
34
9
9
9
9
9
9
9
9
9
9
9
9
9
9
9
9
9
20
20
20
20
700
263
76
36
36
21
21
21
56
10
10
10
10
10
10
10
10
10
10
10
10
10
10
10
10
10
10
10
10
10
10
10
10
10
10
107
22
22
22
22
38
82
59
59
60
40
40
146
62
87
41
11
11
11
11
11
11
11
11
11
11
11
11
11
11
11
11
11
11
11
11
11
11
11
24
24
24
24
42
9
9
38
5
10
51
6
4
4
4
4
4
4
4
4
4
4
4
4
4
4
4
7
5
5
5
5
5
5
5
5
5
8
8
16
3
3
3
3
3
3
9
6
6
6
6
6
25
7
7
7
7
11
11
4
4
2
2
2
2
2
2
2
2
2
2
2
2
2
2
2
2
2
2
2
2
2
2
2
2
2
2
2
2
2
2
2
2
2
2
2
2
2
2
2
2
2
2
2
2
2
2
2
2
2
2
2
2
2
2
2
2
2
2
2
2
2
2
2
2
2
2
2
2
2
2
2
2
8
8
8
8
13
287
5
5
5
5
5
20
9
9
9
9
21
15
39
10
10
10
61
74
6
6
6
6
6
6
24
11
11
3
3
3
3
3
3
3
3
3
3
3
3
3
3
3
3
3
3
3
3
3
3
3
3
3
3
3
3
3
3
3
3
3
3
12
7
7
7
7
7
7
7
7
28
20
13
21
14
14
14
14
8
8
23
23
58
15
15
15
1
1
1
1
1
1
1
1
1
1
1
1
1
1
1
1
1
1
1
1
1
1
1
1
1
1
1
1
1
1
1
1
1
1
1
1
1
1
1
1
1
1
1
1
1
1
1
1
1
1
1
1
1
1
1
1
1
1
1
1
1
1
1
1
1
1
1
1
1
1
1
1
1
1
1
1
1
1
1
1
1
1
1
1
1
1
1
1
1
1
1
1
1
1
1
1
1
1
1
1
1
1
1
1
1
1
1
1
1
1
1
1
1
1
1
1
1
1
1
1
1
1
1
1
1
1
1
1
1
1
1
1
1
1
1
1
1
1
1
1
1
1
1
1
1
1
1
1
1
1
1
1
1
1
1
1
1
1
1
1
1
1
1
1
1
1
1
1
1
1
1
1
1
1
1
1
1
1
1
1
1
1
1
1
1
1
1
1
1
1
1
1
1
1
1
1
1
1
1
1
1
1
1
1
1
1
1
1
1
1
1
1
1
1
1
1
1
1
1
1
1
1
1
1
1
1
1
1
1
1
1
1
1
1
1
1
1
1
1
1
1
1
1
1
1
1
1
1
1
1
1
1
1
1
1
1
1
1
1
1
1
1
1
1
1
1
1
1
1
1
1
1
1
1
1
1
1
1
1
1
1
1
1
1
1
1
1
1
1
1
1
1
1
1
1
1
1
1
1
1
1
1
1
1
1
1
1
1
1
1
1
1
1
1
1
1
1
1
1
1
1
1
1
1
1
1
1
1
1
1
1
1
1
1
1
1
1
1
1
1
1
1
1
1
1
1
1
1
1
1
1
1
1
1
1
1
1
1
1
1
1
1
1
1
1
1
1
1
1
1
1
1
1
1
1
1
1
1
1
1
1
1
1
1
1
1
1
1
1
1
1
1
1
1
1
1
1
1
1
1
1
1
1
1
1
1
1
1
1
1
1
1
1
1
1
1
1
1
1
1
1
1
1
1
1
1
1
1
1
1
1
1
1
1
1
1
1
1
1
1
1
1
1
1
1
1
1
1
1
1
1
1
1
1
1
1
1
1
1
1
1
1
1
1
1
1
1
1
1
1
1
1
1
1
1
1
1
1
1
1
1
1
1
1
1
1
1
1
1
1
1
1
1
1
1
1
1
1
1
1
1
1
1
1
1
1
1
1
1
1
1
1
1
1
1
1
1
1
1
1
1
1
1
1
1
1
1
1
1
1
1
1
1
1
1
1
1
1
1
1
1
1
1
1
1
1
1
1
1
1
1
1
1
1
1
1
1
1
1
1
1
1
1
1
1
1
1
1
1
1
1
1
1
1
1
1
1
1
1
1
1
1
1
1
1
1
1
1
1
1
1
1
1
1
1
1
1
1
1
1
1
1
1
1
1
1
1
1
1
1
1
1
1
1
1
1
1
1
1
1
1
1
1
1
1
1
1
1
1
1
1
1
1
1
1
1
1
1
1
1
1
1
1
1
1
1
1
1
1
1
1
1
1
1
1
1
1
1
1
1
1
1
1
1
1
1
1
1
1
1
1
1
1
1
1
1
1
1
1
1
1
1
1
1
1
1
1
1
1
1
1
1
1
1
1
1
1
1
1
1
1
1
1
1
1
1
1
1
1
1
1
1
1
1
1
1
1
1
1
1
1
1
1
1
1
1
1
1
1
1
1
1
1
1
1
1
1
1
1
1
1
1
1
1
1
1
1
1
1
1
1
1
1
1
1
1
1
1
1
1
1
1
1
1
1
1
1
1
1
1
1
1
1
1
1
1
351
398
192
269
192
740
48
126
46
101
54
91
48
114
398
283
325
125
60
40
29
21
179
320
24
42
21
35
218
22
56
29
23
118
1028
37
52
2051
143
90
387
430
24
573
222
47
20
2046
192
13
85
15
152
58
426
367
22
260
212
1653
64
53
18
31
16
892
4004
321
1171
1442
951
444
174
15
212
11
25
31
1305
41
4678
130
68
26
29
42
2276
1121
129
10
10
10
200
12
12
12
2553
72
2795
48
22
377
41
488
38
49
57
4245
75
75
46
80
85
13
9
9
11
11
11
30
44
290
945
16
104
174
2940
38
710
14
191
598
46
35
3107
1655
12
17
17
17
17
8
8
8
10
10
10
10
10
10
4912
40
23
205
123
4082
15
663
45
67
380
254
24
24
115
21
401
46
13
31
321
69
680
268
195
65
65
3413
11
16
294
91
2525
22
22
22
19
19
66
132
9
9
9
9
9
7
7
7
7
44
57
29
665
237
180
88
14
14
26
23
46
46
245
12
12
209
167
31
24
242
812
176
143
18
536
10
10
36
295
4272
195
8
8
8
8
54
6
6
6
6
6
6
6
29
22
13
13
13
13
33
55
19
16
16
136
136
7211
42
82
56
187
726
500
34
242
52
1318
475
43
43
11
11
11
302
114
84
39
121
48
48
35
35
31
192
255
14
14
14
17
3785
86
49
24
9
9
9
9
28
28
167
160
21
41
177
61
56
25
18
249
7
7
7
7
7
7
7
7
7
7
7
7
7
33
33
623
135
12
12
12
364
29
440
5
5
5
5
5
5
5
5
5
5
5
5
5
5
5
5
5
5
5
5
5
5
5
5
5
5
5
5
5
5
15
15
15
15
15
218
116
3506
1257
130
104
22
26
372
30
30
19
19
19
19
19
608
1184
267
70
70
1211
610
76
435
107
2787
10
10
10
10
10
1289
1170
227
16
253
31
40
13
13
1821
96
1288
167
138
117
2642
41
51
51
79
1118
304
28
28
162
342
57
74
8
8
8
8
8
8
8
8
8
8
8
482
632
113
17
17
87
1008
107
189
540
14
14
29
29
38
38
21
21
232
11
11
11
11
11
11
43
1181
1585
566
59
59
1663
65
54
34
6
6
6
6
6
6
6
6
6
6
6
6
6
6
6
6
6
6
39
4
4
4
4
4
4
4
4
4
4
4
4
4
4
4
4
4
4
4
4
4
4
4
4
4
4
4
4
4
4
4
4
4
4
4
4
4
4
4
4
4
4
4
4
4
4
4
4
4
4
4
4
4
4
4
4
4
4
4
4
4
4
4
4
4
4
4
4
4
4
4
4
4
4
4
4
4
4
4
4
4
4
4
4
4
4
4
4
478
246
18
18
255
378
1048
105
26
26
112
112
340
22
1334
92
73
820
127
40
40
206
1001
56
2225
15
15
15
15
15
15
121
121
151
51
192
9
9
9
9
9
9
9
9
9
9
9
9
9
9
9
41
6903
63
12
12
12
12
12
12
69
567
1183
19
19
23
23
131
58
47
32
188
90
77
97
59
126
149
28
190
234
16
16
16
16
547
43
33
72
24
85
20
20
201
79
902
67
67
161
7
7
7
7
7
7
7
7
7
7
7
7
7
7
7
7
7
7
7
7
7
44
1192
13
13
13
13
13
13
13
13
13
130
325
39
240
34
34
101
438
278
68
139
62
279
409
10
10
10
10
45
75
148
586
17
17
17
17
21
391
165
487
89
40
924
543
623
57
126
1256
76
76
46
324
428
386
52
606
1568
26
26
26
26
26
26
26
41
41
41
91
136
327
36
36
36
31
5
5
5
5
5
5
5
5
5
5
5
5
5
5
5
5
5
5
5
5
5
5
5
5
5
5
5
5
5
5
5
5
5
5
5
5
5
5
5
5
5
5
5
5
5
5
5
5
5
5
5
5
5
5
78
14
14
14
14
14
145
47
22
521
59
290
1898
1177
18
18
18
18
2395
331
93
3567
139
48
60
3
3
3
3
3
3
3
3
3
3
3
3
3
3
3
3
3
3
3
3
3
3
3
3
3
3
3
3
3
3
3
3
3
3
3
3
3
3
3
3
3
3
3
3
3
3
3
3
3
3
3
3
3
3
3
3
3
3
3
3
3
3
3
3
3
3
3
3
3
3
3
3
3
3
3
3
3
3
3
3
3
3
3
3
3
3
3
3
3
3
3
3
3
3
3
3
3
3
3
3
3
3
3
3
3
3
3
3
3
3
3
3
3
3
3
3
3
3
3
3
3
3
3
3
3
3
3
3
3
3
3
3
3
3
3
3
3
3
3
3
3
35
54
171
222
98
748
102
32
19
53
24
59
51
36
106
22
42
31
31
17
62
63
887
33
25
53
18
21
71
29
97
62
11
13
301
63
10
208
25
125
15
151
36
18
9
11
99
53
45
112
362
28
22
43
116
12
17
17
36
10
10
8
8
8
8
8
8
20
225
276
18
21
21
31
13
13
35
25
16
16
16
11
11
11
11
389
32
22
19
82
67
9
9
9
9
9
9
9
7
7
7
7
7
7
7
7
7
7
7
7
7
124
1303
45
26
14
42
34
27
12
12
82
31
137
39
24
350
67
21
15
15
53
167
10
10
79
102
25
308
2038
8
8
8
8
8
8
6
6
6
6
6
6
6
6
6
6
6
6
6
6
6
6
6
6
6
6
6
6
6
6
6
6
6
6
6
6
6
6
6
6
6
6
6
6
6
6
6
6
6
6
6
6
6
6
6
6
6
6
6
6
6
6
6
6
6
6
6
6
6
6
6
6
6
6
6
6
6
6
6
6
6
6
6
6
6
6
6
6
6
6
6
6
6
6
6
6
6
6
6
6
6
6
6
6
6
6
6
6
6
6
6
6
6
6
6
22
22
13
13
672
66
167
16
16
56
56
47
47
62
23
150
11
11
11
11
11
11
11
11
11
17
14
274
627
209
32
9
9
9
9
9
9
9
9
9
9
9
9
9
9
56
393
29
29
12
12
12
12
7
7
7
7
7
7
7
7
7
7
7
7
7
7
7
7
7
7
7
7
7
7
7
7
7
7
7
7
369
15
15
15
15
105
5
5
5
5
5
5
5
5
5
5
5
5
5
5
5
5
5
5
5
5
5
5
5
5
22
22
22
30
19
55
31
31
10
10
10
10
10
10
10
23
16
16
16
679
61
13
13
13
126
20
20
20
93
57
28
166
24
24
24
24
42
8
8
8
8
8
8
8
8
8
8
8
8
8
8
8
8
8
8
8
8
17
17
359
33
33
48
195
21
14
14
11
11
11
11
11
11
11
11
111
278
269
39
6
6
6
6
6
6
6
6
6
6
6
6
6
6
6
6
6
6
6
6
6
6
200
30
30
61
934
18
18
18
80
4
4
4
4
4
4
4
4
4
4
4
4
4
4
4
4
4
4
4
4
4
4
4
4
4
4
4
4
4
4
4
4
4
4
4
4
4
4
4
4
4
4
4
4
4
4
4
4
4
4
4
4
4
4
4
4
4
4
4
4
4
4
4
4
4
4
4
4
4
4
4
4
4
4
4
4
4
4
4
4
4
4
4
4
4
4
4
4
4
4
4
4
4
4
4
4
4
4
4
4
4
4
4
4
4
4
4
4
4
4
4
4
4
4
4
4
4
4
4
4
4
4
4
4
4
4
22
40
131
15
15
41
674
234
27
727
9
9
9
9
9
9
9
9
9
9
9
9
9
9
9
12
12
12
12
12
23
23
150
105
1280
713
48
28
28
145
66
2767
43
38
16
16
16
16
16
16
16
24
24
20
50
13
13
13
103
7
7
7
7
7
7
7
7
7
7
7
7
7
7
7
7
7
63
90
10
10
10
10
10
10
10
10
10
10
10
10
10
10
10
10
10
10
10
21
21
21
21
30
179
84
189
115
86
22
22
22
22
22
14
14
14
14
14
14
488
5
5
5
5
5
5
5
5
5
5
5
5
5
5
5
5
5
5
5
5
5
5
5
5
5
5
5
5
5
5
5
5
5
5
5
5
5
5
5
5
5
5
5
5
5
5
5
5
5
5
5
5
5
5
5
5
5
5
5
5
5
5
5
5
5
5
5
5
5
5
5
5
5
302
18
18
142
27
61
152
55
104
3
3
3
3
3
3
3
3
3
3
3
3
3
3
3
3
3
3
3
3
3
3
3
3
3
3
3
3
3
3
3
3
3
3
3
3
3
3
3
3
3
3
3
3
3
3
3
3
3
3
3
3
3
3
3
3
3
3
3
3
3
3
3
3
3
3
3
3
3
3
3
3
3
3
3
3
3
3
3
3
3
3
3
3
3
3
3
3
3
3
3
3
3
3
3
3
3
3
3
3
3
3
3
3
3
3
3
3
3
3
3
3
3
3
3
3
3
3
3
3
3
3
3
3
3
3
3
3
3
3
3
3
3
3
3
3
3
3
3
3
3
3
3
3
3
3
3
3
3
3
3
3
3
3
3
3
3
3
3
3
3
3
3
3
3
3
3
3
3
3
3
3
3
3
525
263
231
193
135
285
128
408
120
410
152
119
91
77
167
264
120
60
175
75
296
87
91
154
55
300
280
360
627
64
56
137
78
465
92
49
353
56
94
273
209
322
80
56
64
40
370
69
73
785
86
336
50
74
199
38
54
81
103
48
35
67
68
127
106
148
49
163
43
47
48
196
93
24
160
72
33
171
25
27
46
57
49
30
58
28
26
26
24
35
35
40
33
33
341
27
41
23
23
162
30
357
234
45
158
20
154
33
38
261
58
29
29
39
34
75
23
21
66
54
20
29
37
302
78
30
52
52
129
44
26
70
105
93
61
16
16
20
20
18
18
18
27
396
25
23
33
21
21
21
15
19
19
17
17
17
126
70
78
32
116
47
38
41
25
283
419
36
351
62
39
267
23
28
70
31
21
46
34
87
83
201
19
19
17
13
15
15
15
44
65
379
98
22
184
108
20
1346
57
16
16
23
12
14
14
81
99
44
74
19
45
191
76
176
17
17
33
128
22
22
22
15
11
11
11
272
13
25
62
417
155
150
359
26
26
109
29
16
751
39
14
14
127
10
10
10
10
10
12
12
12
12
27
27
30
616
113
19
540
306
22
34
17
25
41
56
56
306
20
35
42
385
23
23
13
104
222
2402
9
9
9
9
9
11
11
11
11
11
11
11
191
217
36
47
466
33
157
30
24
16
16
16
16
16
65
211
57
19
31
14
14
14
14
14
14
38
156
788
42
409
101
35
257
91
152
112
12
12
82
267
17
17
55
43
1047
205
8
8
8
8
8
8
8
572
10
10
10
10
10
10
10
10
10
212
36
20
20
23
23
15
15
15
15
15
15
80
191
41
96
49
18
293
1863
24
21
21
21
13
13
98
115
59
783
145
158
171
94
35
35
11
11
11
11
16
16
60
43
19
19
22
22
118
215
7
7
7
7
7
7
7
7
7
9
9
9
9
9
9
9
9
9
9
9
9
9
9
9
36
125
66
44
29
29
29
29
103
14
14
77
49
49
41
41
273
99
78
78
17
20
20
100
112
46
90
12
12
12
211
163
27
27
60
31
31
24
109
35
35
315
15
15
21
21
21
10
10
10
10
10
10
10
10
18
18
28
88
44
380
36
156
8
8
8
8
8
8
8
8
8
8
8
8
6
6
6
6
6
6
6
6
6
6
6
6
6
6
6
6
6
6
6
6
6
6
6
6
6
6
6
6
6
137
150
25
63
158
13
13
13
13
13
13
13
96
22
22
152
41
422
50
370
16
16
46
65
26
26
76
420
291
136
23
361
11
11
11
11
11
11
11
11
94
72
933
113
20
27
139
48
35
31
14
14
14
17
17
17
17
17
102
1720
115
97
24
135
9
9
9
9
9
9
9
9
9
9
9
9
36
171
32
32
45
70
248
21
21
21
21
158
82
480
88
7
7
7
7
7
7
7
7
7
7
7
7
7
7
7
7
7
7
7
7
7
7
7
7
94
267
37
37
18
18
12
12
12
12
12
5
5
5
5
5
5
5
5
5
5
5
5
5
5
5
5
5
5
5
5
5
5
5
5
5
5
5
5
5
5
5
5
5
5
5
5
5
5
5
5
5
5
5
5
5
5
5
5
5
5
126
51
29
101
15
15
15
15
15
237
121
96
170
135
52
38
38
85
91
43
43
26
63
30
30
30
30
130
137
48
48
19
2545
538
10
10
10
10
10
10
10
10
10
81
54
472
16
16
16
16
16
16
100
23
13
13
13
13
13
13
13
13
31
31
65
325
120
2417
27
1061
267
302
357
20
20
20
20
41
32
137
237
51
221
28
28
28
8
8
8
8
8
8
8
8
8
8
8
8
8
8
8
8
8
1285
111
37
37
37
37
17
68
86
432
522
106
69
14
14
14
14
14
14
14
14
11
11
11
11
11
11
11
11
11
11
11
11
11
29
114
685
121
6
6
6
6
6
6
6
6
6
6
6
6
6
6
6
6
6
6
6
6
6
6
6
6
6
6
6
6
6
6
6
6
6
6
6
6
6
6
6
6
6
6
6
3076
173
34
34
4
4
4
4
4
4
4
4
4
4
4
4
4
4
4
4
4
4
4
359
239
226
193
153
169
227
145
233
285
580
145
153
1285
173
121
195
107
105
188
100
309
364
115
113
92
280
124
112
150
104
104
620
79
100
92
118
209
82
1613
164
71
291
109
67
105
383
63
85
83
96
67
133
62
142
207
61
99
58
57
632
75
66
2749
90
88
144
204
59
65
78
56
64
55
55
59
87
74
50
161
51
59
50
52
56
171
78
76
77
361
64
138
52
52
67
545
55
55
89
44
46
46
52
67
144
372
75
41
43
151
178
549
110
183
55
39
39
41
43
45
38
52
110
46
105
37
51
51
88
63
36
36
38
743
69
85
269
35
37
37
52
59
48
129
36
38
40
83
51
51
33
35
35
59
314
85
50
32
53
270
31
31
94
100
41
33
39
37
277
101
30
30
79
32
38
34
36
107
57
57
29
29
29
29
31
173
95
40
28
28
38
36
32
32
200
62
62
52
159
27
27
27
27
27
37
29
29
33
64
42
49
40
113
505
145
57
79
26
45
28
30
30
459
63
61
61
78
46
44
27
31
31
31
31
29
29
74
74
66
384
58
34
24
24
61
32
32
32
26
26
28
28
51
37
49
23
31
25
25
27
111
185
38
145
82
79
170
59
46
103
315
22
30
26
26
338
60
52
1153
21
21
21
21
21
1431
223
34
230
32
37
20
20
20
20
20
20
20
28
50
26
26
22
22
22
22
22
22
62
31
54
92
137
114
41
27
19
19
19
19
654
21
23
23
257
191
74
42
37
126
28
28
35
26
18
18
18
18
18
18
18
18
18
18
57
24
24
33
20
20
20
22
22
38
81
71
34
27
42
42
17
17
17
17
17
17
17
17
17
23
19
19
19
19
19
19
19
19
30
30
70
35
28
46
49
58
33
26
68
1995
124
44
235
62
326
47
16
16
16
16
16
16
16
16
16
16
16
16
16
16
56
56
50
22
22
22
18
18
18
18
18
18
20
20
20
20
76
66
253
152
255
162
27
27
27
27
206
137
58
68
35
65
304
15
15
15
15
15
15
15
15
15
15
15
38
21
21
21
83
19
19
19
19
19
17
17
17
17
44
66
36
39
51
24
109
82
61
29
22
22
20
14
14
14
14
14
14
14
14
14
14
14
49
87
32
272
18
18
18
18
18
18
18
18
99
16
16
16
16
16
16
16
16
165
35
38
38
25
25
63
30
30
30
30
44
2747
33
33
23
1400
367
39
39
21
45
58
152
19
19
13
13
13
13
13
13
13
13
13
13
13
13
13
13
13
13
13
17
17
17
17
17
15
15
15
15
15
325
46
24
24
89
35
35
560
27
38
75
91
20
20
30
117
65
25
260
18
18
33
33
33
758
12
12
12
12
12
12
12
12
12
12
12
12
12
12
12
12
39
16
16
16
635
14
14
14
14
14
93
52
23
23
23
23
546
94
31
31
34
816
1167
898
126
64
137
32
24
24
69
58
17
17
17
17
17
17
17
17
129
11
11
11
11
11
11
11
11
11
11
11
11
11
11
11
11
11
11
11
11
11
27
27
15
15
15
15
15
15
15
15
15
15
15
15
45
13
13
13
13
13
13
13
13
180
22
22
22
22
42
150
33
56
71
391
25
20
20
1017
1120
184
28
40
40
37
18
18
18
102
23
16
16
16
16
26
26
95
38
38
10
10
10
10
10
10
10
10
10
10
10
10
10
10
10
10
10
10
10
10
10
10
10
10
14
14
14
14
14
14
91
35
21
21
109
12
12
12
12
12
12
12
12
12
12
12
12
12
60
130
80
19
19
19
39
64
121
30
30
30
178
341
17
17
17
17
22
22
304
243
37
25
105
34
34
160
51
28
15
15
15
15
15
15
15
15
44
655
648
492
20
20
20
71
48
13
13
13
13
13
9
9
9
9
9
9
9
9
9
9
9
9
9
9
9
9
9
9
9
9
9
9
9
9
9
9
9
9
9
9
9
613
52
11
11
11
11
11
11
11
11
11
11
11
11
11
11
11
11
413
386
26
26
175
18
18
18
18
18
42
114
69
654
39
21
21
120
16
16
16
16
43
157
58
422
24
24
24
24
97
30
30
27
27
47
593
132
98
98
14
14
14
14
14
14
14
80
37
44
19
19
34
34
68
52
12
12
12
12
12
12
12
22
22
22
22
22
56
95
8
8
8
8
8
8
8
8
8
8
8
8
8
8
8
8
8
8
8
8
8
8
8
8
8
8
8
8
8
8
8
382
652
658
382
257
282
392
339
212
241
172
200
200
149
270
573
158
240
171
149
160
150
153
144
157
111
546
111
113
426
113
141
336
146
106
102
230
107
166
112
130
142
131
103
712
569
93
814
101
598
386
97
697
101
96
190
90
90
78
93
94
738
111
66
76
93
87
105
195
119
68
243
82
163
251
108
102
298
93
77
73
74
119
123
65
89
88
63
78
212
80
67
76
88
62
60
60
59
106
68
71
98
84
121
82
97
184
73
281
56
69
53
150
249
62
54
107
63
177
492
118
68
73
43
205
166
141
103
65
77
44
171
78
182
53
49
62
483
137
54
123
147
62
176
103
999
53
85
140
37
1620
45
39
201
69
44
42
109
53
107
151
54
74
209
125
98
40
130
93
142
840
54
45
418
35
72
75
48
292
176
256
44
63
32
819
38
49
424
52
105
1104
31
65
106
116
48
74
80
61
40
49
38
38
668
57
134
120
91
105
31
33
46
148
51
64
120
42
62
461
47
79
36
269
108
30
30
32
32
253
48
113
87
155
35
27
33
76
126
89
40
131
224
378
34
34
32
736
41
67
105
454
46
46
46
421
37
49
57
311
42
27
29
29
193
76
36
43
34
34
41
1206
24
269
26
126
87
87
150
351
212
78
551
242
33
67
23
29
25
25
25
68
164
36
210
46
88
34
57
75
149
69
32
1206
55
22
22
22
22
37
24
24
24
24
24
26
26
61
42
45
939
109
33
808
229
43
21
27
27
27
27
25
25
25
25
955
52
158
42
37
30
30
56
35
26
20
20
24
93
22
22
66
90
178
70
31
1650
41
157
880
111
27
145
50
25
25
19
19
53
116
56
187
23
207
21
21
21
21
86
37
90
87
51
507
123
46
38
33
55
349
112
24
204
18
22
22
20
20
20
20
36
122
50
53
69
1560
29
149
63
352
57
48
32
32
40
217
61
23
17
17
17
135
21
35
55
19
19
19
49
79
28
684
47
26
26
36
677
24
22
22
71
29
16
16
16
16
16
16
20
653
405
98
18
37
107
49
46
25
25
56
30
53
85
23
23
47
21
21
21
365
28
15
15
15
19
17
17
17
17
17
17
17
116
704
283
24
37
37
59
368
748
273
70
70
115
22
173
74
32
365
179
20
20
20
35
47
135
437
57
890
14
14
14
14
14
14
14
14
14
79
150
108
18
18
18
1220
16
51
88
80
33
1037
48
69
42
73
62
28
28
98
186
31
31
155
787
21
21
121
67
40
19
19
19
469
53
5494
17
17
13
13
13
13
13
15
15
15
15
15
15
15
219
24
72
110
32
41
35
145
27
22
22
48
74
33
33
33
33
20
20
118
91
36
148
18
18
46
46
53
97
2651
16
16
16
16
31
12
12
12
12
12
368
57
320
34
14
14
14
14
14
14
14
14
14
14
14
308
168
1689
158
221
21
21
21
21
29
35
35
48
110
145
19
19
24
45
67
97
102
49
17
17
17
17
17
36
53
46
15
15
15
11
11
11
11
11
11
11
11
11
11
11
11
11
11
11
11
11
11
11
73
73
43
13
13
13
13
13
13
50
225
219
25
25
25
646
506
1960
1572
96
66
34
44
55
59
63
23
23
18
18
18
346
171
1761
858
38
94
26
26
35
35
35
35
32
16
16
16
657
86
21
616
861
131
14
14
14
14
14
121
305
10
10
10
10
10
10
10
10
10
10
10
10
10
24
74
2263
12
12
12
12
12
12
12
12
12
12
12
12
12
33
27
30
30
227
19
19
19
19
37
22
17
17
17
164
120
524
25
25
68
131
131
28
28
1482
436
202
209
38
69
15
15
15
15
20
74
258
70
23
23
13
13
13
13
13
13
13
13
13
13
29
818
54
9
9
9
9
9
9
9
9
9
9
9
9
9
9
9
9
9
9
9
9
11
11
11
11
11
11
11
11
18
18
67
223
51
51
51
33
40
40
21
21
21
21
21
21
77
30
30
199
523
1693
1800
27
44
425
73
16
16
16
16
16
16
48
48
37
276
41
2362
184
57
57
154
19
14
14
14
14
14
14
126
324
38
28
28
22
62
25
206
187
247
54
54
50
12
12
12
12
12
12
12
12
12
12
12
12
117
86
375
63
189
17
17
59
59
8
8
8
8
8
8
8
8
8
8
8
8
8
8
8
8
8
8
8
8
8
8
8
8
8
8
8
8
8
10
10
10
10
10
10
10
10
10
10
10
10
10
10
644
43
818
818
803
836
751
791
825
712
900
669
624
624
593
617
811
576
654
589
572
588
591
525
524
502
481
467
468
592
464
607
452
485
447
545
583
449
1047
433
560
404
543
454
434
375
428
362
369
375
545
410
564
351
353
345
440
344
432
365
324
1406
396
332
334
316
396
338
318
310
359
342
341
301
311
303
317
355
289
366
515
285
1284
819
270
267
289
278
251
260
298
947
252
252
276
692
253
333
378
348
264
822
288
245
259
242
1093
241
263
256
237
228
230
227
236
1824
424
224
226
444
239
222
223
218
432
548
256
214
467
208
425
211
205
207
232
217
204
204
223
229
200
251
195
207
198
1312
257
192
209
215
227
189
253
207
194
233
189
263
183
441
204
1948
184
190
181
393
195
273
223
194
178
180
171
170
182
169
168
309
169
192
175
166
230
223
419
160
162
276
156
189
166
1795
161
160
153
163
151
150
152
157
161
157
161
239
149
144
143
147
274
181
180
168
145
145
1018
730
171
159
142
146
196
326
673
1541
200
132
152
135
145
151
144
128
180
266
192
949
128
128
134
144
160
126
134
123
374
128
121
121
188
601
120
322
267
124
175
140
129
147
210
113
892
112
184
317
147
266
116
140
109
111
219
115
151
169
941
107
107
201
396
110
112
138
105
228
111
117
299
150
103
111
104
241
2798
103
104
132
126
99
101
331
100
97
98
557
216
104
1004
97
99
188
867
102
93
95
97
144
103
103
92
91
95
103
110
89
89
89
127
107
88
90
89
89
93
85
236
87
101
86
88
178
92
96
83
83
87
87
82
104
1079
81
83
95
101
80
84
543
79
79
81
202
87
116
79
79
79
87
160
76
76
76
80
90
1036
75
75
77
77
79
127
91
267
74
76
104
80
94
73
73
520
75
77
72
102
80
82
94
71
73
73
73
89
278
70
70
70
70
102
74
80
84
86
69
181
79
81
70
72
92
86
182
67
110
69
197
106
75
77
66
70
72
133
88
80
175
99
65
65
65
65
67
67
89
85
77
380
64
64
64
64
64
64
66
68
70
1201
63
63
63
63
63
67
102
172
77
62
62
62
62
95
61
61
61
321
165
75
60
60
60
60
66
118
70
74
102
59
59
61
69
75
323
58
58
58
60
104
84
62
112
127
57
57
57
57
59
432
65
65
1508
4597
56
56
78
62
62
81
59
1277
54
54
54
54
54
54
56
56
56
58
58
60
53
53
53
53
55
55
102
57
57
57
57
59
71
65
52
52
52
108
54
179
56
79
51
700
392
86
63
391
101
50
50
50
50
50
661
54
68
58
123
49
262
51
80
76
48
48
48
48
48
48
90
156
52
82
47
47
47
47
47
141
80
51
51
55
90
46
46
46
68
48
48
48
77
50
52
52
52
54
56
80
163
45
45
47
49
49
63
51
53
55
321
111
44
44
44
46
58
129
43
43
43
119
45
1577
394
47
51
89
135
42
42
42
42
42
42
42
44
44
60
1138
46
157
50
54
52
67
117
41
41
72
3328
84
45
45
47
51
148
40
40
40
40
40
201
109
42
42
44
104
46
46
97
92
39
39
39
39
43
53
73
45
45
51
47
245
38
38
38
38
38
38
164
2302
50
231
37
37
37
37
37
37
37
37
37
83
139
110
41
41
41
43
47
69
751
36
36
36
36
36
635
772
63
38
586
149
57
35
35
35
35
35
35
35
35
191
74
39
47
47
298
41
41
45
43
43
93
56
276
75
34
34
34
34
34
34
34
34
34
339
52
50
36
36
48
38
46
40
42
64
245
74
62
1089
33
33
33
33
33
49
35
58
1132
139
100
32
32
32
32
32
32
32
32
32
32
32
756
34
44
44
36
36
62
40
31
31
31
31
31
31
31
31
31
31
31
31
261
35
35
54
54
312
37
1999
464
50
48
30
30
30
30
30
30
30
30
30
75
2482
32
32
32
42
131
34
34
38
934
1961
29
29
29
29
29
154
31
31
41
33
33
35
37
100
53
133
171
28
28
28
28
28
28
28
28
28
28
28
28
28
28
28
58
63
30
30
30
30
30
56
36
49
1167
54
52
980
27
27
27
27
27
27
27
27
27
27
27
50
81
29
31
35
51
42
42
26
26
26
26
26
26
26
26
26
26
26
26
26
26
26
26
86
59
28
28
28
28
75
30
30
30
30
34
2061
62
57
213
43
43
41
25
25
25
25
25
25
25
25
25
25
1110
1048
1066
1036
1033
1033
1039
829
1437
669
740
620
578
486
481
482
493
905
362
348
354
296
250
265
3977
238
1494
225
168
222
97
3031
101
3032
88
87
84
2456
78
97
113
2655
117
2148
64
2000
94
64
64
2499
64
1864
81
63
56
58
87
118
56
87
1928
55
1661
1478
50
89
2061
56
1919
57
49
1645
1089
1132
111
133
1612
48
1581
45
45
51
65
46
72
1000
51
1462
1393
48
1030
1645
47
903
49
108
1430
53
1686
935
934
39
1073
36
47
1431
1208
924
1532
1179
1476
1475
57
38
78
1283
39
32
1384
1530
34
1176
773
1273
1132
1083
44
50
33
33
1559
51
73
71
32
32
928
1070
1013
1027
911
649
1071
1044
36
1288
905
1671
1211
26
56
1074
28
121
952
1012
985
595
843
902
828
575
852
1088
100
964
28
836
975
32
1202
23
23
969
880
1664
63
866
1133
643
27
963
890
55
1457
532
24
634
1074
1082
78
1236
1102
932
30
1433
21
21
727
1289
745
818
45
847
62
25
25
627
749
884
27
969
700
873
728
1485
53
504
1039
20
20
20
20
20
596
950
22
22
955
1012
704
629
19
19
19
19
19
989
553
41
943
891
1248
37
755
1092
734
582
31
1704
930
557
18
18
468
89
1011
70
474
634
36
524
813
640
996
22
684
24
849
586
750
741
601
39
1033
17
17
17
17
17
17
598
446
435
596
615
310
1011
758
49
78
657
19
19
562
710
539
1004
21
567
401
180
184
949
439
510
141
557
16
454
582
18
30
30
781
831
1018
28
582
494
559
687
65
65
479
676
498
745
855
436
620
535
205
15
15
494
484
33
463
891
492
529
702
29
53
53
774
358
443
19
738
611
565
908
34
466
474
358
709
14
14
699
344
741
680
740
814
172
425
435
28
424
16
1141
441
50
610
18
24
469
45
366
61
22
589
146
514
475
522
530
538
830
337
554
51
478
13
13
13
13
13
13
13
36
457
639
41
732
789
414
317
795
371
608
451
702
15
460
44
25
25
336
409
665
682
495
17
355
365
47
520
565
802
120
597
666
807
430
400
560
369
689
655
446
493
436
547
300
311
12
12
12
481
452
298
26
498
317
636
465
465
14
14
14
292
474
571
535
977
16
16
433
384
516
432
479
342
524
362
653
286
366
88
360
400
476
349
399
750
39
367
427
47
545
73
434
552
578
375
498
507
753
301
343
459
668
676
381
11
11
650
409
428
483
379
562
849
680
397
336
366
345
505
21
13
441
844
675
372
19
19
371
17
474
287
559
41
616
412
354
64
511
353
343
519
390
360
781
610
398
277
576
462
254
995
318
230
608
53
367
10
10
10
10
10
337
29
263
262
502
421
373
313
500
208
20
259
322
247
27
279
12
12
12
300
51
18
18
18
808
461
66
469
451
60
14
14
376
240
262
304
334
334
437
303
15
34
10
25
150
20
23
14
12
32
19
228
18
251
10
10
22
139
8
8
755
16
6
6
171
20
11
24
7
5
5
5
5
5
5
5
108
10
13
33
113
17
513
8
6
6
15
23
23
4
4
4
4
4
881
9
9
24
46
25
7
7
7
7
95
22
27
27
72
14
39
23
34
5
5
5
5
5
5
11
11
11
19
29
15
8
3
3
3
3
3
3
3
3
3
3
3
3
3
3
3
3
3
16
12
12
521
92
154
94
17
17
9
9
9
13
6
6
6
6
6
6
34
14
10
10
10
151
4
4
4
4
4
4
4
4
4
4
4
4
4
4
4
4
4
4
4
4
4
4
4
4
4
4
4
4
4
181
7
7
7
7
7
26
11
11
11
11
40
16
106
67
2
2
2
2
2
2
2
2
2
2
2
2
2
2
2
2
2
2
2
2
2
2
2
2
2
2
2
2
2
2
2
2
2
2
2
2
2
2
2
2
2
2
2
2
2
2
2
2
2
2
2
2
2
2
2
2
2
2
2
2
2
2
2
2
2
2
2
2
2
2
2
2
2
2
2
2
2
2
2
2
2
2
2
2
2
2
2
2
2
2
2
2
2
2
2
2
2
2
2
2
2
2
2
2
2
2
2
2
2
2
2
2
2
2
2
2
2
2
2
2
2
2
2
2
2
2
2
2
2
2
2
2
2
2
2
2
2
2
2
2
2
2
2
2
2
2
2
2
2
2
2
2
2
2
2
2
42
119
22
17
29
272
8
259
37
30
18
18
24
13
13
5
5
5
5
5
5
5
5
5
5
5
5
5
5
5
5
5
5
56
48
9
9
58
219
26
26
41
14
14
412
27
52
15
15
15
15
21
10
10
10
10
10
36
54
6
6
6
6
6
6
6
6
6
6
6
6
6
6
6
6
6
6
6
29
533
38
78
115
48
11
11
11
11
31
3
3
3
3
3
3
3
3
3
3
3
3
3
3
3
3
3
3
3
3
3
3
3
3
3
3
3
3
3
3
3
3
3
3
3
3
3
3
3
3
3
3
3
3
3
3
3
3
3
3
3
3
3
3
3
3
3
3
3
3
3
3
3
3
3
3
3
3
3
3
3
3
3
3
3
3
3
3
3
3
3
3
3
3
3
3
3
3
3
3
3
3
3
3
17
17
70
32
32
349
25
298
18
18
18
18
7
7
7
7
7
7
7
7
7
7
7
7
12
12
12
12
12
321
169
99
419
271
128
19
19
27
27
27
13
13
628
67
80
37
8
8
8
8
8
8
8
8
8
8
122
48
254
1
1
1
1
1
1
1
1
1
1
1
1
1
1
1
1
1
1
1
1
1
1
1
1
1
1
1
1
1
1
1
1
1
1
1
1
1
1
1
1
1
1
1
1
1
1
1
1
1
1
1
1
1
1
1
1
1
1
1
1
1
1
1
1
1
1
1
1
1
1
1
1
1
1
1
1
1
1
1
1
1
1
1
1
1
1
1
1
1
1
1
1
1
1
1
1
1
1
1
1
1
1
1
1
1
1
1
1
1
1
1
1
1
1
1
1
1
1
1
1
1
1
1
1
1
1
1
1
1
1
1
1
1
1
1
1
1
1
1
1
1
1
1
1
1
1
1
1
1
1
1
1
1
1
1
1
1
1
1
1
1
1
1
1
1
1
1
1
1
1
1
1
1
1
1
1
1
1
1
1
1
1
1
1
1
1
1
1
1
1
1
1
1
1
1
1
1
1
1
1
1
1
1
1
1
1
1
1
1
1
1
1
1
1
1
1
1
1
1
1
1
1
1
1
1
1
1
1
1
1
1
1
1
1
1
1
1
1
1
1
1
1
1
1
1
1
1
1
1
1
1
1
1
1
1
1
1
1
1
1
1
1
1
1
1
1
1
1
1
1
1
1
1
1
1
1
1
1
1
1
1
1
1
1
1
1
1
1
1
1
1
1
1
1
1
1
1
1
1
1
1
1
1
1
1
1
1
1
1
1
1
1
1
1
1
1
1
1
1
1
1
1
1
1
1
1
1
1
1
1
1
1
1
1
1
1
1
1
1
1
1
1
1
1
1
1
1
1
1
1
1
1
1
1
1
1
1
1
1
1
1
1
1
1
1
1
1
1
1
375
337
235
236
223
316
218
293
229
217
160
209
182
158
218
132
172
230
144
230
139
143
153
154
126
136
116
152
109
122
209
134
115
182
112
100
96
144
97
106
112
95
101
116
118
135
105
96
131
86
89
79
95
244
95
76
108
86
92
77
86
905
136
76
76
89
79
72
71
101
107
68
65
112
100
74
313
92
172
185
91
107
144
82
203
87
65
153
71
223
116
69
66
83
74
58
86
69
122
214
75
64
59
53
248
185
83
64
66
72
51
58
284
60
57
114
97
56
56
209
207
53
185
148
67
155
66
59
50
79
140
54
66
72
302
46
307
258
321
42
42
62
49
143
126
83
259
220
111
175
40
64
47
42
75
59
39
39
116
46
369
41
50
52
43
183
42
69
67
44
46
39
121
168
160
182
49
120
1533
42
42
44
37
37
50
54
54
178
41
41
43
67
45
61
38
40
33
33
42
35
46
48
37
32
41
41
65
149
81
49
53
36
106
94
104
46
69
35
30
39
59
45
47
64
544
36
29
29
29
29
29
40
52
88
44
81
33
33
28
28
28
41
30
30
45
113
32
32
271
318
27
27
74
50
44
29
210
31
57
57
33
26
26
26
26
26
26
98
51
51
69
39
39
81
204
109
58
252
65
30
30
300
209
32
52
495
25
34
36
226
44
42
40
73
66
27
27
27
29
29
29
477
24
24
33
58
45
35
35
82
82
263
26
639
28
28
59
30
30
30
30
23
23
23
23
23
32
110
34
25
108
106
75
109
56
29
29
22
22
22
22
31
31
33
35
110
71
94
24
24
64
243
26
106
28
235
21
21
21
21
21
34
312
305
23
23
23
23
86
430
25
25
59
41
27
27
39
87
20
20
20
20
35
33
62
46
142
466
22
22
22
22
22
225
369
65
58
24
24
24
49
36
28
28
84
30
30
30
19
19
19
19
19
19
19
47
905
74
74
101
69
547
93
21
21
21
21
324
57
285
99
268
23
55
48
48
290
156
175
201
37
25
78
35
27
27
277
29
18
18
18
18
18
18
18
18
18
18
18
343
20
20
20
20
165
88
22
22
22
22
22
36
524
34
34
24
24
24
24
62
62
30
28
17
17
17
17
17
17
17
17
17
17
17
17
55
60
19
19
19
19
19
19
19
46
46
51
74
21
21
21
33
33
33
88
77
23
23
23
31
270
29
54
59
27
27
27
27
130
40
109
16
16
16
16
16
16
16
16
16
16
16
16
16
16
16
16
16
16
16
16
16
16
16
16
16
16
16
16
16
16
16
16
16
16
16
16
16
16
16
16
16
16
16
16
16
16
16
16
16
16
16
16
16
16
16
16
16
16
16
16
78
78
57
38
18
18
18
18
18
322
63
102
32
20
20
20
20
20
108
58
58
22
22
88
24
24
24
26
26
94
56
15
15
15
15
15
15
15
15
15
15
15
37
44
54
122
122
35
33
17
17
17
17
17
17
17
17
17
17
17
17
17
17
57
40
31
111
270
19
19
19
19
19
19
19
29
29
179
45
45
55
27
27
27
21
21
21
21
21
21
23
23
23
66
36
141
14
14
14
14
14
14
14
14
14
14
14
14
14
122
101
192
32
271
67
16
16
16
16
16
16
193
309
176
166
430
28
18
18
18
18
18
18
745
604
378
531
277
405
336
266
209
173
254
187
184
737
633
274
227
761
130
497
121
718
292
104
211
490
170
550
1249
274
219
129
839
280
135
538
238
180
324
224
108
218
547
140
117
142
204
355
252
92
127
138
98
277
340
439
148
244
480
115
106
95
278
79
75
357
143
264
94
118
124
72
89
278
115
351
114
188
140
130
89
121
334
155
210
729
130
150
116
369
78
146
662
104
90
60
571
83
100
212
125
115
107
60
60
54
486
137
201
70
118
87
93
81
770
260
163
160
61
345
496
58
133
377
116
155
704
166
66
461
74
637
92
124
78
66
544
316
166
114
79
353
824
95
142
130
63
52
73
235
136
45
188
420
75
56
158
277
66
106
106
109
118
42
225
540
55
110
105
348
58
43
109
222
211
52
98
451
472
70
248
393
101
33
41
82
264
245
75
119
44
101
73
58
58
36
36
76
164
85
125
43
67
39
35
130
90
93
148
58
91
139
416
312
54
59
474
43
41
48
559
37
66
44
40
75
59
198
520
47
187
87
195
62
57
32
97
467
71
41
53
53
39
199
425
56
27
44
31
62
152
271
203
104
524
111
55
92
34
34
34
105
43
235
32
32
30
48
93
41
41
46
39
73
88
44
82
35
162
92
29
112
60
119
196
477
153
107
61
571
67
22
24
105
26
26
240
432
138
297
211
128
47
81
55
72
33
21
31
29
23
82
27
27
219
247
174
110
441
136
233
30
145
52
28
22
24
24
95
170
42
58
35
151
40
33
33
93
326
31
68
43
29
101
101
19
154
27
27
260
21
88
49
432
79
364
73
32
32
153
250
200
30
80
290
74
59
62
151
40
26
48
558
20
22
173
106
38
66
52
29
108
61
379
27
290
570
34
39
17
25
25
25
178
23
23
23
23
32
59
289
48
159
35
90
46
105
33
33
26
64
369
61
129
24
158
171
22
22
22
31
99
20
85
374
29
39
79
42
188
265
27
505
175
45
246
189
37
37
60
94
73
413
32
32
272
91
239
15
43
215
30
35
143
81
21
21
21
21
21
58
792
564
38
68
282
28
28
28
227
262
65
33
33
33
463
26
69
210
182
138
31
39
24
24
282
60
320
152
70
34
34
54
22
22
22
29
14
14
14
14
96
312
20
20
20
104
16
18
18
61
297
506
27
27
27
32
46
105
354
49
49
283
35
25
171
56
23
23
158
44
115
47
47
84
400
33
88
182
137
21
21
21
21
21
116
524
36
258
13
13
13
392
89
19
19
39
51
51
184
42
42
31
45
17
17
17
17
15
15
26
175
377
401
34
34
34
102
55
149
24
24
37
29
29
115
46
707
124
120
22
22
22
22
32
32
129
27
35
386
50
20
20
41
41
44
206
30
140
12
12
12
12
12
82
18
18
18
18
18
71
212
25
25
25
25
25
16
16
16
16
16
14
14
14
14
14
33
33
33
51
61
36
36
39
95
28
28
28
28
28
28
330
62
52
275
31
49
49
21
21
21
77
404
34
405
369
37
37
40
63
19
19
19
160
29
29
263
151
115
205
50
24
24
17
17
17
17
17
17
11
11
11
11
11
11
11
11
11
11
11
44
44
15
15
15
15
15
13
13
13
13
27
27
117
267
100
284
80
251
58
69
69
169
30
30
30
30
118
338
226
42
93
20
25
25
59
147
94
111
63
187
28
28
18
18
18
263
112
53
31
31
31
87
87
40
83
23
23
23
23
23
145
57
16
16
16
16
16
16
10
10
10
10
10
84
26
26
26
14
14
14
14
14
14
14
14
54
123
12
12
12
12
12
12
12
12
65
21
21
69
274
29
41
315
407
143
129
427
347
279
203
202
185
203
209
249
182
185
226
167
258
205
155
144
172
240
157
203
189
228
139
219
121
129
143
160
118
259
127
116
132
214
126
256
129
108
222
201
109
210
100
157
100
99
105
107
153
100
116
94
94
104
101
116
95
87
210
121
90
104
90
83
83
93
94
85
137
251
98
144
111
93
80
111
95
84
221
101
383
94
75
75
79
79
76
79
70
124
76
69
71
133
95
74
74
355
69
69
99
73
225
191
77
87
98
70
70
94
67
66
74
80
63
125
89
166
69
71
85
100
284
151
473
61
397
63
60
60
74
61
61
117
62
64
70
89
73
69
172
112
74
59
54
168
113
57
61
71
65
52
178
54
62
64
239
102
88
65
101
50
50
50
50
87
160
70
56
51
51
57
48
50
50
52
64
124
47
47
47
49
46
50
62
69
102
47
47
49
49
44
46
234
172
48
50
58
56
65
255
49
149
42
42
44
62
58
211
130
65
72
43
43
43
43
45
45
45
242
47
211
53
40
42
42
44
44
46
52
74
39
41
41
43
55
45
66
49
69
38
54
42
44
87
279
59
37
93
73
39
39
39
41
41
41
107
130
43
43
201
45
47
102
284
36
36
36
38
38
40
40
40
40
42
152
162
39
47
43
223
253
90
34
34
34
34
36
36
36
66
40
40
42
81
53
98
333
33
33
33
33
35
37
310
191
39
138
63
175
52
76
32
32
32
32
34
34
34
34
34
38
40
62
49
31
31
31
31
31
31
31
31
33
33
33
33
33
33
33
33
41
37
37
69
48
30
30
46
32
32
32
32
34
34
70
78
219
29
29
29
45
31
31
77
200
164
37
80
62
55
53
44
28
30
40
310
32
32
34
34
34
34
36
64
43
27
27
27
27
29
29
37
31
31
35
103
56
26
26
26
26
26
26
26
26
49
28
28
28
54
30
32
90
152
25
25
25
25
25
25
25
25
37
27
27
35
29
29
33
33
31
83
56
44
40
40
122
24
24
26
26
26
26
26
26
28
30
538
43
74
80
58
393
72
570
64
23
23
23
23
23
23
23
23
23
23
23
25
25
25
25
25
25
25
33
33
234
49
31
31
31
27
40
38
38
50
99
22
22
22
22
22
22
22
22
34
32
32
24
24
24
24
24
24
30
30
30
26
26
26
28
28
46
39
52
99
21
21
21
21
21
21
21
33
33
31
23
23
23
23
23
23
343
127
27
27
475
50
58
64
36
34
116
176
20
20
20
20
20
20
20
20
20
20
20
20
71
22
22
28
28
428
24
24
24
26
26
47
61
33
31
31
31
19
19
19
19
19
19
19
19
19
19
19
48
43
154
174
497
21
21
21
21
21
27
27
27
25
25
23
23
36
46
41
41
281
81
101
32
116
55
55
18
18
18
18
18
18
18
18
18
18
18
18
18
18
18
86
132
26
20
20
20
35
35
264
144
24
22
22
22
40
40
56
129
74
62
68
65
51
31
57
85
124
49
27
17
17
17
17
17
17
17
17
17
17
17
17
17
17
17
17
17
17
17
17
34
34
25
25
25
25
39
19
19
19
19
19
23
21
21
21
21
183
42
37
349
45
102
398
40
92
16
16
16
16
16
16
16
16
16
16
16
16
16
16
16
16
16
16
33
294
122
299
24
24
18
18
18
18
18
22
22
20
20
20
20
20
64
64
155
176
55
36
36
177
29
39
209
50
34
27
27
27
42
42
72
130
32
15
15
15
15
15
15
15
15
15
15
15
15
15
15
15
15
15
15
15
15
15
15
15
15
15
15
15
15
15
15
15
15
203
23
23
40
21
17
17
17
17
17
17
17
30
19
19
19
19
19
19
128
67
28
58
33
122
134
26
44
89
59
53
24
24
39
14
14
14
14
14
14
14
14
14
14
14
14
14
14
14
14
14
14
14
14
14
14
14
14
14
14
22
22
66
42
34
20
20
20
16
16
16
16
16
16
16
16
226
18
18
18
18
167
51
51
77
40
238
160
187
25
52
35
35
30
23
23
